98 0.015885
97 0.015885
96 0.015885
95 0.006831
94 0.005961
93 0.004464
92 0.006439
91 0.015245
90 0.030263
88 0.025801
87 0.024593
86 0.026124
85 0.023521
84 0.008045
83 0.003664
82 0.015932
81 0.016508
80 0.004742
79 0.013376
78 0.040805
77 0.004358
76 0.002417
75 0.003988
74 0.008294
73 0.004869
72 0.003264
71 0.006558
70 0.005828
69 0.00476
68 0.005197
67 0.00446
66 0.005127
65 0.00808
64 0.009624
63 0.017648
62 0.025607
61 0.014258
60 0.005977
59 0.00642
58 0.005031
57 0.007716
56 0.008677
55 0.019871
54 0.016043
53 0.006669
52 0.008643
51 0.018003
50 0.010757
49 0.006716
48 0.008427
47 0.00797
46 0.005673
45 0.006006
44 0.005699
43 0.006895
42 0.006796
41 0.011187
40 0.030819
39 0.0059
38 0.005996
37 0.003451
36 0.004263
35 0.00311
34 0.003934
33 0.004438
32 0.004393
31 0.004127
30 0.003347
29 0.005071
28 0.003278
27 0.003092
26 0.002944
25 0.002466
24 0.000851
23 0.002189
22 0.001119
21 0.001565
20 0.000369
19 0.002503
18 0.002355
17 0.001396
16 0.001165
15 0.001321
14 0.003668
13 0.00162
12 0.0015
11 0.000811
10 0.000835
9 0.004048
8 0.003372
7 0.005829
6 0.003495
5 0.002253
4 0.007913
3 0.006712
2 0.00668
1 0.01446
0 0.015731
